6 11
IRIDIUM 000
1 40000U 26000A   26056.50000000  .00000100  00000+0  50000-4 0  9995
2 40000  86.4008   8.9645 0002000  90.0000   0.0000 14.34218099100007
IRIDIUM 001
1 40001U 26000B   26056.50000000  .00000100  00000+0  50000-4 0  9996
2 40001  86.4008   8.9645 0002000  90.0000  32.7273 14.34218099100013
IRIDIUM 002
1 40002U 26000C   26056.50000000  .00000100  00000+0  50000-4 0  9997
2 40002  86.4008   8.9645 0002000  90.0000  65.4545 14.34218099100020
IRIDIUM 003
1 40003U 26000D   26056.50000000  .00000100  00000+0  50000-4 0  9998
2 40003  86.4008   8.9645 0002000  90.0000  98.1818 14.34218099100038
IRIDIUM 004
1 40004U 26000E   26056.50000000  .00000100  00000+0  50000-4 0  9999
2 40004  86.4008   8.9645 0002000  90.0000 130.9091 14.34218099100048
IRIDIUM 005
1 40005U 26000F   26056.50000000  .00000100  00000+0  50000-4 0  9990
2 40005  86.4008   8.9645 0002000  90.0000 163.6364 14.34218099100056
IRIDIUM 006
1 40006U 26000G   26056.50000000  .00000100  00000+0  50000-4 0  9991
2 40006  86.4008   8.9645 0002000  90.0000 196.3636 14.34218099100063
IRIDIUM 007
1 40007U 26000H   26056.50000000  .00000100  00000+0  50000-4 0  9992
2 40007  86.4008   8.9645 0002000  90.0000 229.0909 14.34218099100072
IRIDIUM 008
1 40008U 26000I   26056.50000000  .00000100  00000+0  50000-4 0  9993
2 40008  86.4008   8.9645 0002000  90.0000 261.8182 14.34218099100081
IRIDIUM 009
1 40009U 26000J   26056.50000000  .00000100  00000+0  50000-4 0  9994
2 40009  86.4008   8.9645 0002000  90.0000 294.5455 14.34218099100099
IRIDIUM 010
1 40010U 26000K   26056.50000000  .00000100  00000+0  50000-4 0  9996
2 40010  86.4008   8.9645 0002000  90.0000 327.2727 14.34218099100109
IRIDIUM 011
1 40011U 26001A   26056.50000000  .00000100  00000+0  50000-4 0  9998
2 40011  86.4008  40.5808 0002000  90.0000   3.8182 14.34218099100116
IRIDIUM 012
1 40012U 26001B   26056.50000000  .00000100  00000+0  50000-4 0  9999
2 40012  86.4008  40.5808 0002000  90.0000  36.5455 14.34218099100124
IRIDIUM 013
1 40013U 26001C   26056.50000000  .00000100  00000+0  50000-4 0  9990
2 40013  86.4008  40.5808 0002000  90.0000  69.2727 14.34218099100131
IRIDIUM 014
1 40014U 26001D   26056.50000000  .00000100  00000+0  50000-4 0  9991
2 40014  86.4008  40.5808 0002000  90.0000 102.0000 14.34218099100143
IRIDIUM 015
1 40015U 26001E   26056.50000000  .00000100  00000+0  50000-4 0  9992
2 40015  86.4008  40.5808 0002000  90.0000 134.7273 14.34218099100159
IRIDIUM 016
1 40016U 26001F   26056.50000000  .00000100  00000+0  50000-4 0  9993
2 40016  86.4008  40.5808 0002000  90.0000 167.4545 14.34218099100166
IRIDIUM 017
1 40017U 26001G   26056.50000000  .00000100  00000+0  50000-4 0  9994
2 40017  86.4008  40.5808 0002000  90.0000 200.1818 14.34218099100176
IRIDIUM 018
1 40018U 26001H   26056.50000000  .00000100  00000+0  50000-4 0  9995
2 40018  86.4008  40.5808 0002000  90.0000 232.9091 14.34218099100184
IRIDIUM 019
1 40019U 26001I   26056.50000000  .00000100  00000+0  50000-4 0  9996
2 40019  86.4008  40.5808 0002000  90.0000 265.6364 14.34218099100192
IRIDIUM 020
1 40020U 26001J   26056.50000000  .00000100  00000+0  50000-4 0  9998
2 40020  86.4008  40.5808 0002000  90.0000 298.3636 14.34218099100201
IRIDIUM 021
1 40021U 26001K   26056.50000000  .00000100  00000+0  50000-4 0  9999
2 40021  86.4008  40.5808 0002000  90.0000 331.0909 14.34218099100211
IRIDIUM 022
1 40022U 26002A   26056.50000000  .00000100  00000+0  50000-4 0  9991
2 40022  86.4008  71.9899 0002000  90.0000   7.6364 14.34218099100222
IRIDIUM 023
1 40023U 26002B   26056.50000000  .00000100  00000+0  50000-4 0  9992
2 40023  86.4008  71.9899 0002000  90.0000  40.3636 14.34218099100230
IRIDIUM 024
1 40024U 26002C   26056.50000000  .00000100  00000+0  50000-4 0  9993
2 40024  86.4008  71.9899 0002000  90.0000  73.0909 14.34218099100248
IRIDIUM 025
1 40025U 26002D   26056.50000000  .00000100  00000+0  50000-4 0  9994
2 40025  86.4008  71.9899 0002000  90.0000 105.8182 14.34218099100257
IRIDIUM 026
1 40026U 26002E   26056.50000000  .00000100  00000+0  50000-4 0  9995
2 40026  86.4008  71.9899 0002000  90.0000 138.5455 14.34218099100265
IRIDIUM 027
1 40027U 26002F   26056.50000000  .00000100  00000+0  50000-4 0  9996
2 40027  86.4008  71.9899 0002000  90.0000 171.2727 14.34218099100273
IRIDIUM 028
1 40028U 26002G   26056.50000000  .00000100  00000+0  50000-4 0  9997
2 40028  86.4008  71.9899 0002000  90.0000 204.0000 14.34218099100284
IRIDIUM 029
1 40029U 26002H   26056.50000000  .00000100  00000+0  50000-4 0  9998
2 40029  86.4008  71.9899 0002000  90.0000 236.7273 14.34218099100290
IRIDIUM 030
1 40030U 26002I   26056.50000000  .00000100  00000+0  50000-4 0  9990
2 40030  86.4008  71.9899 0002000  90.0000 269.4545 14.34218099100309
IRIDIUM 031
1 40031U 26002J   26056.50000000  .00000100  00000+0  50000-4 0  9991
2 40031  86.4008  71.9899 0002000  90.0000 302.1818 14.34218099100319
IRIDIUM 032
1 40032U 26002K   26056.50000000  .00000100  00000+0  50000-4 0  9992
2 40032  86.4008  71.9899 0002000  90.0000 334.9091 14.34218099100327
IRIDIUM 033
1 40033U 26003A   26056.50000000  .00000100  00000+0  50000-4 0  9994
2 40033  86.4008 103.6204 0002000  90.0000  11.4545 14.34218099100333
IRIDIUM 034
1 40034U 26003B   26056.50000000  .00000100  00000+0  50000-4 0  9995
2 40034  86.4008 103.6204 0002000  90.0000  44.1818 14.34218099100341
IRIDIUM 035
1 40035U 26003C   26056.50000000  .00000100  00000+0  50000-4 0  9996
2 40035  86.4008 103.6204 0002000  90.0000  76.9091 14.34218099100359
IRIDIUM 036
1 40036U 26003D   26056.50000000  .00000100  00000+0  50000-4 0  9997
2 40036  86.4008 103.6204 0002000  90.0000 109.6364 14.34218099100368
IRIDIUM 037
1 40037U 26003E   26056.50000000  .00000100  00000+0  50000-4 0  9998
2 40037  86.4008 103.6204 0002000  90.0000 142.3636 14.34218099100376
IRIDIUM 038
1 40038U 26003F   26056.50000000  .00000100  00000+0  50000-4 0  9999
2 40038  86.4008 103.6204 0002000  90.0000 175.0909 14.34218099100384
IRIDIUM 039
1 40039U 26003G   26056.50000000  .00000100  00000+0  50000-4 0  9990
2 40039  86.4008 103.6204 0002000  90.0000 207.8182 14.34218099100393
IRIDIUM 040
1 40040U 26003H   26056.50000000  .00000100  00000+0  50000-4 0  9992
2 40040  86.4008 103.6204 0002000  90.0000 240.5455 14.34218099100404
IRIDIUM 041
1 40041U 26003I   26056.50000000  .00000100  00000+0  50000-4 0  9993
2 40041  86.4008 103.6204 0002000  90.0000 273.2727 14.34218099100411
IRIDIUM 042
1 40042U 26003J   26056.50000000  .00000100  00000+0  50000-4 0  9994
2 40042  86.4008 103.6204 0002000  90.0000 306.0000 14.34218099100422
IRIDIUM 043
1 40043U 26003K   26056.50000000  .00000100  00000+0  50000-4 0  9995
2 40043  86.4008 103.6204 0002000  90.0000 338.7273 14.34218099100438
IRIDIUM 044
1 40044U 26004A   26056.50000000  .00000100  00000+0  50000-4 0  9997
2 40044  86.4008 135.3832 0002000  90.0000  15.2727 14.34218099100440
IRIDIUM 045
1 40045U 26004B   26056.50000000  .00000100  00000+0  50000-4 0  9998
2 40045  86.4008 135.3832 0002000  90.0000  48.0000 14.34218099100450
IRIDIUM 046
1 40046U 26004C   26056.50000000  .00000100  00000+0  50000-4 0  9999
2 40046  86.4008 135.3832 0002000  90.0000  80.7273 14.34218099100467
IRIDIUM 047
1 40047U 26004D   26056.50000000  .00000100  00000+0  50000-4 0  9990
2 40047  86.4008 135.3832 0002000  90.0000 113.4545 14.34218099100475
IRIDIUM 048
1 40048U 26004E   26056.50000000  .00000100  00000+0  50000-4 0  9991
2 40048  86.4008 135.3832 0002000  90.0000 146.1818 14.34218099100483
IRIDIUM 049
1 40049U 26004F   26056.50000000  .00000100  00000+0  50000-4 0  9992
2 40049  86.4008 135.3832 0002000  90.0000 178.9091 14.34218099100491
IRIDIUM 050
1 40050U 26004G   26056.50000000  .00000100  00000+0  50000-4 0  9994
2 40050  86.4008 135.3832 0002000  90.0000 211.6364 14.34218099100503
IRIDIUM 051
1 40051U 26004H   26056.50000000  .00000100  00000+0  50000-4 0  9995
2 40051  86.4008 135.3832 0002000  90.0000 244.3636 14.34218099100510
IRIDIUM 052
1 40052U 26004I   26056.50000000  .00000100  00000+0  50000-4 0  9996
2 40052  86.4008 135.3832 0002000  90.0000 277.0909 14.34218099100528
IRIDIUM 053
1 40053U 26004J   26056.50000000  .00000100  00000+0  50000-4 0  9997
2 40053  86.4008 135.3832 0002000  90.0000 309.8182 14.34218099100537
IRIDIUM 054
1 40054U 26004K   26056.50000000  .00000100  00000+0  50000-4 0  9998
2 40054  86.4008 135.3832 0002000  90.0000 342.5455 14.34218099100546
IRIDIUM 055
1 40055U 26005A   26056.50000000  .00000100  00000+0  50000-4 0  9990
2 40055  86.4008 337.2574 0002000  90.0000  19.0909 14.34218099100554
IRIDIUM 056
1 40056U 26005B   26056.50000000  .00000100  00000+0  50000-4 0  9991
2 40056  86.4008 337.2574 0002000  90.0000  51.8182 14.34218099100563
IRIDIUM 057
1 40057U 26005C   26056.50000000  .00000100  00000+0  50000-4 0  9992
2 40057  86.4008 337.2574 0002000  90.0000  84.5455 14.34218099100571
IRIDIUM 058
1 40058U 26005D   26056.50000000  .00000100  00000+0  50000-4 0  9993
2 40058  86.4008 337.2574 0002000  90.0000 117.2727 14.34218099100589
IRIDIUM 059
1 40059U 26005E   26056.50000000  .00000100  00000+0  50000-4 0  9994
2 40059  86.4008 337.2574 0002000  90.0000 150.0000 14.34218099100590
IRIDIUM 060
1 40060U 26005F   26056.50000000  .00000100  00000+0  50000-4 0  9996
2 40060  86.4008 337.2574 0002000  90.0000 182.7273 14.34218099100608
IRIDIUM 061
1 40061U 26005G   26056.50000000  .00000100  00000+0  50000-4 0  9997
2 40061  86.4008 337.2574 0002000  90.0000 215.4545 14.34218099100616
IRIDIUM 062
1 40062U 26005H   26056.50000000  .00000100  00000+0  50000-4 0  9998
2 40062  86.4008 337.2574 0002000  90.0000 248.1818 14.34218099100624
IRIDIUM 063
1 40063U 26005I   26056.50000000  .00000100  00000+0  50000-4 0  9999
2 40063  86.4008 337.2574 0002000  90.0000 280.9091 14.34218099100633
IRIDIUM 064
1 40064U 26005J   26056.50000000  .00000100  00000+0  50000-4 0  9990
2 40064  86.4008 337.2574 0002000  90.0000 313.6364 14.34218099100642
IRIDIUM 065
1 40065U 26005K   26056.50000000  .00000100  00000+0  50000-4 0  9991
2 40065  86.4008 337.2574 0002000  90.0000 346.3636 14.34218099100659